!FILE MSTGraph2.dat


ARCHI : [ (1 2) 1 (1 3) 1  (1 4) 1  (1 5) 1  (1 6) 1  (1 7) 1
		          (2 3) 1  (2 4) 1  (2 5) 1  (2 6) 1  (2 7) 1
		  	 			   (3 4) 1  (3 5) 1  (3 6) 1  (3 7) 1
									(4 5) 1  (4 6) 1  (4 7) 1
									 		 (5 6) 1  (5 7) 1
													  (6 7) 1 ]

COSTI : [ (1 2) 1  (1 3) 1 (1 4) 20 (1 5) 20 (1 6) 20 (1 7) 12
		 		  (2 3) 1 (2 4) 12 (2 5) 20 (2 6) 20 (2 7) 20
		  				  (3 4) 11 (3 5) 3  (3 6) 20 (3 7) 9
		  						   (4 5) 11 (4 6) 10 (4 7) 20
											(5 6) 6  (5 7) 7
													 (6 7) 9 ]

Tmax : 41 ! è < del tsp con tutti i nodi che vale 43

reward : [ 13,  6,  12,  17,  21,  15,  8]